0000000000 0000000000 01^0000000^^ I
φφφφφφ - φφφφφφφφφ φφφφφφφφφ φφφφφφφφφφφ φφφφφφφφφφφ - φφφφφφφφ φφφφφφφφ (Noteup on) - φφφφφφφφ φφφφφφφφφφφφφ
ECLI:CY:DD:2020:576
0000000000 00000000030 0000000000000000000000000000 0
(000000 00. 12/2020)
03 0000000000 2020
[0. 0000000000, 0.0.0.]
000000000 00 000
0000 0000000 000000 000000000000 000000000 (00. 1) 000 2003 000 000 0000 0000000 000000 0000 000 2002 (0.165(0)/2OO2)
0 000000 000
000000 000000000 KHADKA 00000000000000000000000 0000000000000000000000000 00000000
0. 000000000000 (00), 000 000 000000
0. 00000000000 (00), 000000000 000 00000000000, 000 000000 0000000000 000 00000000000
0000000
0.0000000000, 0.0.0.: 0 0000000 00000 0000000 00000, 0
000000, 0000000 000 00 0000000 00000000 000 000000000000000000 000 0000000000000	(000)
000000000,	00000000000	9.3.2020,	000	00000000000 00
00000000 2 000 0000000 00000000 000 0000000
0000000000 000 00000000000, 00000000 0000 00000 0000	18.2.2020,	000	00	00000000	000 Philips University. 0000
00000000000 0000 0000000 00000 0000000 000 00000000 0000 5.2.2020 000 0000000 00000000 000 000000, 0000 00 0000 0000 15 000000 000 000 00000 000 000000 000 0000000000, 000, 00000000000, 0000000000 00 00000 000 00000 10 000000 000 000 00000 000 000 0000000000, 0 0000000 000000 00 000000 0000 000000000000 000000000 000 00 00000000 00 000 00000000 000 00 000000000 000 00 0000000 000 000000 000000 0000000000 00000000.
0 0 0 0 21.2.2020, 0 0000000 00000000000 00 000000 0000000000 000000000, 0000 000 0000000 0 000 000000000 000000000, 0 000000 000000 000 00000 000000 000000 000000000000 000000000. 000 0000 0000, 00000000 000000000 00000000 000000000000 000000000,	000000000 28 000000 000 0 0000000
00000000000 000 000 000000000 000 0000000000 000000000, 0000 000 0000000000 000 0000000 000000000 0000 000 000000000 00000000. 0000000 00 000 0000000 000000 000 000000000 000 0000000000 000000000 0000000 000000, 000 0000000000, 00000000000 10.3.2020, 0 0000000 0000 000000000 0000000000 00000 0000000000000000, 000000 000000000	00 0000000000
000 00000 00000000 000000000 00 00000 0000000 00000 0000000 0000000.00000000000, 0000000 00 000 00 0000 000000, 00000 0000000 0000 0 0000000 000 00000000000 000000 00000000 0000000000. 0 000000 000 000000000 0000 0000000 0000 000 000000000 00 000000000 000 00000 000 00 00000000000000 0000 0 00000 000 0 0000000000 000 0000000000. 0000000000, 00000, 000 0 0000000 000000000 000 000000000000 00000.
0000 10.3.2020, 000000000 00000000 000 000000 0000000000
00000000 000 00000000 000, 0000000 000 000000000 000 0000 000000000 000 0000000000000 00000 (000. 105), 00 00000 00000 0000 000 0000000 00000 (00 000000), 000000, 00 00000000000 000 00000000 00000000, 0 0000000 00000 0000000000000	0000000000,	000000	00000
00000000 00000000 000 0000000 00000000000. 00 00 0000 0000000000, 00 00000000000 0000000000 000 0000 00000 000 00000000000	00000000, 00 00000000000
000000000 000 00 0000000 0000 000000 00000000 000 0000000 00000000 000 00000 00000000 00 000000000.
000000000000 000 0 0000000 00000000 00 000000000 000	0000000,	00 00000000 00000000 000 00000000,
000000 00000 0000000 000000 0000000 00000000 0000000000,	00000000000 29.6.2020,	0	00000	000
00000000000 000 000 00000000 000000 0000	17.7.2020.
000000000000, 0000 13.7.2020, 000000000000 00000000000 000 00000000 000 000000000 000000000000 0 00000000 000 00000000 000.
0000000000, 0000 22.7.2020, 0 000000 0000 00000000000 00000000 000 000000, 0000000 000 000000 900 000 0000 000000000 00000 000, 000 0000 0000, 00 00000000 00000000 000 000000 00000000, 0000 000000000000 000000000 000 000000 000 000000 000000000.0 000000, 0000 8.10.2020, 000000000 000 0 00000000 000000 00000000 00 000000 000 000000 000 000000 0000000000 00000000 0000000000, 000000000 000 0000000000 00000000 000 00000000 000 000000 0000000 000 00000000 000 00000. 0000000000, 00 0000000000 000, 0000000 000 000000 14 000 00000, 0000000 00000000 00000000, 0000 0000000 00000000 00 0000000, 000000 000000000000 000 0000000 00000000 00000000 000 000000 (00000 18 000 000 00000) 000 000000000000 000 00000000000 00000000 000. 000 00 00000000 00000000, 0000000000 000 0 0000000 00000 0000000000000 0000000000 0000000 000
0000000000 (0) 000 (0) 000 0000000 (1) 000 000000 6 000 00000, 0000000 0000 00000000 00000000 000 0000000 00000000000.0
0000 6.11.2020, 0 0000000 0000000000 000 000 0000000 000000, 00 000 00000 00000 00 00000000 0000000 000000 000 0000000000 000000000 0000 000 000000 0000000 00000000000 00000000 000 00000000 000. 0000 0000 000000 000 00 00000 000000000	00000000000 (00.
000000 0000000 000000 13/2013, MOHSEN GHARAHASANLOO, 0000. 14.3.2013 000 000 0000000 000 00000000 00000000000 0000 000000 0000000 000000 19/2016, KULDEEP MANK, 0000. 9.11.2016), 0 0000000 0000000000000 000 000000 0000 000 0000000 000 00000000 0000000 000000 000	00000000.
000000000000, 000 00000000000 000 000000 0000000 0 00	000000000000,	0 00000 000000 0000000 000
00000000000 000 000000000 0000 00000000 000 0000000 000 000000 000 0 000000 0000000000 00 00000 00 000000000 000000000 000 00000000 0, 00 000000000 000000000, 00 00000000000 0000000000000 000000 000 0 0000000 00 00000 00 0000 00 000000000 000 000000.
0 0000000000 00000 0000000 0000 000000 000 000000, 000 0000 000000 000 0000000000 000 000000 00000000 000 0000000 0000000000, 00 00000 000000000000 0000 18.11.2020 000 000000000 0000000 000 00000000000 0000 000 0000000 000 0000000, 000 1.12.2020.
0 0 0000000,	0 000000 000 0000000 0000000000
000000000 000 0 000000000 000 000000 000 0000000000 000 000 00000000 000 0000 0000000 000000 00000 000 2002 (0.165(0)/2002), 00 00000 00000 0000 000 0000000 00000. 0000000 00 00 000 0000000000 000 00000000, 00 00000000 00000000 000 000000 00000000 0000000 000 000000 18 000 000 00000, 00 00000 000 00000000000000
0000 00000000 000 000000 60(2) 000 00000 165(0)/2OO2, 0000 000000000000 00 00000000000 000 000000000 000000 000000 00000 00 000000000 000000000000 00000000 000000 00000, 00 00000 0 0000000. 000 0000 000000 00 000000, 000000000 0 000000000 000 00000000000, 0000 000 00 00000000 00000000 000 000000 00000000 0000 00000000 000 00000.
00 0000 0000 0000000000 000 00000000000, 000000000 0 000000000 000 000 000000 0000000000, 00000 000 00 00000000 000 0 000000000 000 000000, 00 0000 00 00000000 00000000 000, 00000000 0000 00000000 000 00000,	000 0000000 0000000000 00 0000000 000000
000000000 0000000 00 000000000 00000000000 000 000 000	000000 146	000	00000000000	0000000000000
000000000, 00 000000000 00 00000 60(2)(00)000 00000.
0000000000 0. 00000000000000, 0000000000000 000 0000 000 0000000 000000000 000000000 00 000 000000000000 000 0000 000 000 0000000 000000000 000 000 0000000 000 000, 00 0000 0000000000, 0 000000 000 000000, 0 00000 0000 00 0000000 00000 000000000, 000000 0000 00000000 000 00 00000000 00000000 000000 000 0000000 000 00000000000 00000000 000.0
000 000 000000 000, 0 0000000000 000000000 000 000000 0000000000 000 0 00000000 000 0000 00000 00 00000000000 0 0000000 0000 000 00000000000 00000000 000 00000000 000, 0000 00000000000 000000000. 0000 000 00 000000000000, 0 0000000 00000000 000 000000 0000000000 00 0000000 0000000000, 0000000 00 000 000000000	000	000000 180(3)(0) 000 00000	000,	0000
00000000, 0 000 00000 000000 00000000 000 00000 00000000 000 000000 60(2) 000 00000 165(0)/2002, 0000 000 000 000000 13 000 0000000 2OO8/115/00 000 000 000000 47 000 00000 0000000000	00000000000. 00 0000 000000000,
000000000 0 000000000 000 000000, 0 0000000000 0000 00000000 000000000 00 00000000000000 000000 0000, 0000000 00 000 000000000 000 000000 47 000 00000 0000000000 00000000000, 00 00000 000000000000 00 00000000 00 000000 00000 000 00000 000 00000 0000 000000000000 000000000000 000000,	0000 000 000
000000 13 000 0000000 2OO8/115/00, 00 00000 000 00000 00000 0000, 0000000 00 00000000 000000000 000 0.0.0..
00000000000000000000 0000 000 00000 000 0 00000000 000 000000 0000 00000000000	000000000,	0 00
000000000000 000000000 000 0 00000000 0000000 00 0000000000 000 00000 0000 00 0000 000 00000000 0000000 0000000000 000000 0000000, 0000000000000 00 00000000 000000. 000 00000, 0000 00 0000000 00000000, 000000 0 0000000, 00	00000000, 00000000 000 000
000000000 000 0000 000000000 000 0000000000000 (000000000000 0000000 000 00000000 0000000 000000 00000 00 00000 000 000000, 000 0000000, 000 00000000 000000, 000 0000000000 00000000, 000 0000000000 0000000 0 00000000000000 00000000000) 00000 000 2019 (0. 7(0)/2O19) 000 000 000000000 000 0000000 (00) 2016/801 0000000 00 000 000000000000 0000000 000 00000000 0000000 000000 00000 00 00000 000 000000, 000 0000000, 000 00000000 000000, 000 0000000000 00000000, 000 0000000000 0000000 0 00 000000000000 00000000000 000 000 0000000000 000 0000000000 0000000 000000 (au pair). 00 000000000 000 00000 7(0)/2O19, 000000000 0 00 000000000000,	00 000000000 00000 0000000 000
00000000000000, 0000 000 0000 000 000 000000000 000000 00000000000 0000000 000 000000000 0000000, 00000000000 000 000000000 000 00000, 000 0000 000 000000 000000000 00 0000000 0000000000. 0 00 00000 7(0)/2O19 000 0 000000 (00) 2016/801 000 0000000000 000 000 0000000 000 000000 00000000 000000000 0 000 00
0000000000 000000 00 000000000 000 0000000 000000 000 000000 00 000000 00000 000 0000000, 0000 000 000 00000 00000 0000000 00 0000000 0/000 000000 00000000 0 0000000000 0 0000000000 0000000 0 0000000 00 00000 000 00000000000 0000 00000 00000 0000000 00 000000000 000000000 000 00000 000, 0000 00000000000 000 00000 6(1)(0)000 00000, 00 000000000 000 000000 000000000 00000000 0000 0000000 000000000, 0000 00000000 000 00000 000 0000000 00 0000000 000 00 0000000000 000 000000 00 00000000.
00000,000000000 000 0 0000000000 000 00000 00000000000 00000000 00 000000000 000 000000 1800 000 18000 000 00000, 00 000000 000000000 000000 00000000000 000 0000000 2OO8/115/00, 0 00 0000000000 00000000 000 000000000 00000000 000000000000 000 0000 00000000 000 00000 000 000000000 000 0000000 2OO8/115/00, 0000 000 000 000 0000000 00000 0000 00 0000000 000 0 0000000 000000000000 00000000 00 000 00000 000 000 000 0000000 00 00000000000 000 00000000 000 0000 000000000 000 000 000000, 0000 000 00 000 0000 000 00 0000 0000000 000/0 000000 0000 000 0000 0000000000 0000000 0000 000000000000 (COVID-19). 00000000000,	0000000,	000 0000000 000000
0000000000000000 0000 000 000000 000 00000000 00000000000, 0000 00 0000 000 000000000 000000 000 000000, 0000 000 000000000 00 00 0000 00000 0000 000 000000000 00 00000000, 0000 000 000 0000 000000 000 0000 0000000 000 00000000 0 0000000 00 00000000000 000 00000 000000000 000 000 00000000 000000 0000 000000 00 00000000 00 00000000.
0000000 00 00 000000000000 0000 000000000 5(1) 000 0000 0000000 000000 0000000000000 0000000000 (00.1) 000
[1]
2003 , 0000 000 00 000000 00 000000000 00000 00000 0000
00000 0 000000000 000 000000 00000000 0000 00000000 000 00000 165(0)/2002. 00 0000 00000 00000 0000000 00 0000000 000000 000000000 0000000 000 0000000 000 000000000000 000000000 000 000000000, 00000000 000000 000 00 00000 00000000, 000000 000000000000 00000000000 000 0 0000000 000000000 00000 00000000 0000 00000000 000 00 0000 00000.
000 00000 3 000 00000 165(0)/2OO2, 00000000000 0 000000 000000 0000000 000000 0000 00000000000 000 00000000000 000 00000 4, 40, 5, 6, 60, 60, 60, 60, 60 000 600.
0 00 00000 60, 000 000 0000000000, 000000000000 00 00000000000 0000000 0000000 000000 00 000000000 000000000000 00000000 000000 00000. 00 0000000, 00000 000 000 00 0000000 000 000000 60(2) 000 00000, 000000000 000, 00000000, 0 000000000 00000000 000 000000 000 00000000 000 00000 000000000 000 00 0000 00000000, 000000000 00 000 00000000 00 00000 0000000 000000. 0000000 00 00 0000000 0000-
0(2) 000000000 000000 000000 00000 00 000000000 00000000000 000000 000000 00000, 0 000000 00000 00000000 0000000 000 00000000000 00000000000, 00000 000 000000 146 000 00000000000 0000-000
(0)	00000000 0000000000 000 000000000 000 00
000000000 0000000 00 00 00000 1800 000 0000 000000000 000 00000000000000 00000 000 00000 000 00 0000 000000, ■
(0) 00000000 0000 000000000000 000 000000000 000 000 0000000 0000000000 0000000 00 00 00000 180 000 0000 000000000 000 00000000000000 00000 000 00000 000 00 0000 000000, ■ 00
(0)	00000000000 0000000 000 000000000 000 00
000000000000000000 0000000 00 00 00000 1800 000 0000 000000000 000 00000000000000 00000 000 00000 000 00 0000 000000.0.
0, 0000000 000 000000 18000 000 00000, 0000000 0000000
00000000000 00000000 000 000000 000 00000000 000 00000 000000000 000 000 0000 00000000, 0000 0000000 0 0 0 00000000000 0000 000000. 0000 00 0000 00000000000 000 0000000 00000000 00000000 000 000000, 00000000000 8.10.2020, 0000000 00000000 00000 00 0000000000 000 0000000 000 0000 00000000, 0000000 000000000000 000 0000000 00000000 00000000, 00000 18000(1). 000 000000000000 000 00000000000 00000000 0000 .00000 000, 000000 0 000000000 0000000000 00 0000000 0000 00000000 000	000000 60(2) 000 000
000000000000 000 00000 18000 000000000 00000000, 00 00 0000000, 0000 00000 000 000 000 000000 00000000000 000 0000 000000000000 000 00 0000 00000. 0000 000000, 000000, 000 000000000, 00 0000000000 0 0000000 000000000 00000000 000 000000 00 000 00000000 0000 00000000 000 00000 165(0)/2002.
0 0 00000 0000000000 0000000000 00 0000000 0000000000 0000 0000 000000 0000000 000000 00. 10/2013, GINA RODRIGUEZ DAMASIO, 0000. 22.4.2013,	000 000 0000 000000
0000000 000000 00. 16/2013, LOLITA JACOBE, 0000. 13.5.2013, 0000 000 00 00000 0000000000 00 00000 000000000 000 (00. 000000 0000000 000000 00. 29/2016, ROMANY BADRY GHIT SAAL ALLA, 0000. 8.12.2016, 000000 0000000 000000 00. 2/2019, YILMAZ, 0000. 23.1.2019, 000000 0000000 000000 00. 37/2019, SINGH, 0000. 31.5.2019 000 000000 0000000 000000 00. 51/2019, RASHID ALI, 0000. 6.6.2019).
0 00000 0000000 00 0000000 000 000000000 00 00 00000000 00000000 000	000000, 000 0 0000000000
00000000 00 000000000 000 000000000 0000000 000 000000	146	000 00000000000. 00 0000000000, 0 00.
0000000000 000 00000000 0000000 000000000 000 0000000000000, 0000000 000 000000 6(1)(0) 000 (0) 000 00000, 000000 000 000000 00 000000000000 000000000, 0000000 0000 00000000 00000000 000 0000000
00000000000. 0000 000000000 00 0000 000 00 00000000 000 00000000 00 0000000000 00000000 000 00000000, 0000000 000 000000 14 000 000. 105.
00 0000 000 000000000 000 0000, 00 00000 60(2) 000000000 000 000 0000000000 000000 0000000 000000 00 000000000 00000000000 000000 000000 00000, 0 000000 00000 00000000 0000000 000 000000 146 000 00000000000 0000 (0) 000000000 00000000000 0000000 00 00 00000 1800 000 000. 105, (0) 000000000 0000 0000000000000 0000000 00 00 00000 180 000 (0) 000000000000 00000000 0000000 00 00 00000 1800. 0000000, 0000, 000 0000000000 0 000000000 000 000000 18000 000 000 0000000000. 00 000000000 000, 0000000 00 00 00 0000 00000, -
000000 000 000 000000000000 000000000 00000000000 0 000000000000 00000000000000 0000 000000 0000 00000000 00000000000 00000, 000000000 0000000000 0000000 00 0000000 00000000 00 00 00000 00 00000 000 0 0 0 0 0 0 0 000000 000000 00000 00000‘000	00
00000000000 0000000000, 0000 000 000 000000000000 000 0000000000	000/0	00 000000000000 000
00000000000 000000000000, 00000 0000-
(0) 0000000 00000000 00000000, ■ 00
(0) 0 0000000000000 0000000 000000 00000 000000000 0 000000000000 000 000000000000 000 0000000000 0 00 0000000000 000000000000.000
000000 0000000 0000 00 000000000 000000 00000000 000 00000000000 0000 0000000 00000 0 0000000000 000000000000 00000000000 000 0000000000 00 00 000000 000000000.0.
0 0'00000, 00000 0 0000 000 000 000000000000, 00 0000000 0000 000000000 000 000000 180(3) 000 00000, 000 0 0000000 00000000 000 00000000000 000 00000 14, 0000000000 00 0000000 0000000000 000, 00000000000, 0 000 0000000 000000 00000000 000 00000 000000000 000 000000 60(2) 000 00000 165(0)/2OO2. 000 0000000 00 000 000 0000 0000. 00 00000 180 000000000 000 000 00000000000 000000000000 00 000000000 00 00000000000 00 0000000
0000000000. 0000 0000 00000000000 000 000 0000000 00000 180(3) 000 00000 (0 00000000000 0000000000)-
ψ(3)(ψ) ψψ ψψψψψψψψψ ψψ ψψψψψψψψψψψ ψψ ψψψψψψψ ψψψψψψψψψψ, ψ ψψψψψψψψ ψψψψψψψ ψψψψψ ψψψ ψψψψψψ 14 ψψψψψψψ ψψψψψψψψψψ ψψψψψ, ψψψ ψψ ψψψψψ ψψψψψψψψψψψ, ψψ ψψψ ψψψψψ ψψψψψψψψψψψ ψ ψψψψψψψ. ψ
( ψ ) ψψψ ψψψψ ψψψψψψψ ψψψ ψψψψψψψψψψ (ψ), ψ ψψψψ ψψψψψψψψψ ψψψ ψψψψψ 14, ψψ ψψψψψψψψψψψ ψψψψψψψ ψψψ ψψψψψψψψψ, ψψψψψψψψ ψψψψψψψψψψψ ψψψψ ψψψψψψψψ ψψψ ψψψψψ 18ψψ.ψ.
00000000 000000 0000000000 000 0 000 000 000000 14 000 00000 000000000000 0000000 0000000000 00 00000000000, 00 0000 00000000 000 00000 1800, 000 000000 000/0 00 0000 000000000, 0000 00000 000 0000 0000000 000 0000000000000 00000000 000 0000000 (3)(0) 000 000000 180, 0000 00 000000000 00 00000000000 00 0000000 0000000000, 000000000 000 000 0000000000 00 000 000 00000.
000000, 000 000 00000 000000000 000 00000, 00000 000 00 00000 00000000 000 0 000 000 000000 60(2)(0) 000 00000 165(0)/2002 000000000000 0000000 0000 000000000000 000 000000000 0000000 00 00 00000 180 000 00000, 00000000, 0000000 00 000 00000000 000000000 000 0000 000
[2]
000000000000 000 00000	60(1)(0) , 000 00 00000000
00000000, 000 00000000000 000 00000 14 000 00000, 00000 0000 0 000000 000 000000 000 000000 000000 0000000 000000 000 000000 000000000 00000000 00000000 0000000 00000000000 00000000 00 00000000 0000 000000000000000 00000000 000 000000 60(2) 000 00000 165(0)/2002, 000 0000 0 0000000 000 000 000 000 0000000 0000000 00 0000 00000000000 00000000.
0000 00000 000000000, 0000 000 0000000 0000000 00 0
0000000, 00 0000000000 0000 0000000000 00000000 000 00000000 0 0000000 000, 00000 000000 00 000000000 00 00000000 000000000000 000 000 0000 000 00000 000 000000000 0 00000 000 00 00000000000, 0000 0000000000 0 000000000000 0000000 0000000 00000000, 000 0000 0000000000000 0000000000000, 000 000000 000 0000 0000000 000 00 0000000000 000 000 0000000 000 000000000 (00. 0000000000 000000 0000000 000000 00. 23/2010, FARSHAD KHAMSEN, 0000. 14.10.2010 000 000000 0000000 000000 00. 10/2010, ALALIABDULHAMID, 0000. 6.5.2010). 000 0000000000, 0000000 00 00 000000 000 0000000 000 000000000 000 00 0000000 00000000000000000 0000 000 0000000 000 00000000000 000000 0000000 000 0000000, 000 000 000000000000 000 0000000 0000000000 00 0000000 000000 000000000 0000000 000 000 000000 0000 00000000 000 0000000000 00 00000000000, 0000
[3]
0000000 000, 0000000 00 00 00000 60(2)(00)	000 00000
165(0)/2002, 00000 0000000000 0000000000 000 000 0000000 0000000 000 000000 000000 0000000 000000 (00. 000000 0000000 000000 00.	24/2012, PAPY NSATU MAMBU, 0000. 28.6.2012,
000000 0000000 000000 00. 23/2010, FARSHAD KHAMSEN, 0000000, 0000 000 000 000 000 00000000000 000000 0000000 000 000	0000000 0000000 000000 00. 2/2019, 0000000,
0000000 0000000 000000 00. 4/201, SURINDER SINGH, 0000. 28.3.2018 000 000000 0000000 000000 00. 29/2016, 0000000). 00 0000 00 000 0 000000 000 000000 0000 00000 0000000 000, 000 000 000000000000, 0000000 00 000000 00000, 000 00000 000000 000000000 000000 000000000 0000000, 00 000000000 000000000 000 0000000000000 000000000, 0000 00000 0 0000000 00 000000000000 000 00000 000000000 000 000000 000000 00000000 000 00000000000 00000000, 00 00 0000000000.
0 0 0000 000000000000, 0 00. 0000000000 000 00000000 0000000 000000000 000 0000000000000 000000 000
000000 00 000000000000 000000000,	0000000 000
0000000000 (0) 000 (0) 000 0000000 (1) 000 000000 6 000 00000, 0000000 0000 00000000 00000000 000 0000000 00000000000 000, 000000000, 000000000000 0 0000000 000 0 0000000 000 0000000 000 000000 14 000 00000. 0000000000000 0000000000, 0000000 00 000 000000000 (0)	00000 000 000000000000 0000000 00 00000
0000000000 0 00000000 000 0000000000 0000 00000000 000000000000	00000000000,	0000,	00000000000 0
0000000000 000 00000000000000 000 0000 0000 0 00 0000000000000 00000000000 000000000000 00000 000 00000 00000 0 00 00000000000 00000 000 000000000000 0 00000000 00000 000 00000 00000 0 000 0000000000 0000000, 000 0000000000000 0000000000 0000000 00 000 000000000 (0) 00000 000000000000 000000 0 000000000 0 0000000000 000000 0 00000000000 0000000 00 00000 000 00000000000 0000 00000 00000 0000000 00 000000000 000000000 000 00000 00000. 000000 0000 00000 0000 0000000 000000000 (0000 000 0000000000 (0)), 0000000000000	000, 0000	000 0000000000000
000000000000 00000000000 21.2.2020, 00000000 000000000 00000000 000000000000 000000000 000 000000, 000000000 28 000000 000 0 0000000 00000000000 000 000 000000000 000 0000000000	000000000,	0000 000
0000000000 000 0000000 000000000 0000 000 000000000 00000000. 0 0000 00 0 000000000 000 000000 0000000 000 000000 00000000 000 0000000 000 0000000000 00000 0000 000 0000000000 0000000 000 0 0000000, 0 000000 000 0000 00000000000 00000000 000 000 0000000 000000000000, 0000000 0000 0000 00000, 0000000 000 0000000000, 000000000000 00 0000000000000 000 000 000000000 00000000000 0000 0000 7 0000000 000000 000 0000 000000000 0000.0000000 00000000 00 000000000 00 00000000000000 0000000 000 00000000 000 00. 000000000000 00000000 0000000 000000000 000 0000000000000, 0000 00 000 00000000 00 0000 000 00
00000000000 0000 000000000 000 0 0000000 0000000000 00 00000000000 00000000 0000 000 00 0000 00000000. 00000, 00000 0000000 00 000000000 000 000 0000000 00 00 0000 000 000 000000000000 000 00 0000000000 0000000 000000000 0 00000 7(0)/2O19 000 000000000 000/0 00000000000 000 00000000 00000 0 00000000. 00' 00000, 00 0000000000 00 0000000 000 0000000 00 00 000000 (2)
000 000000 4 000 00 0000 00000, 000 00000 0000000000 00 00000 000000000 00000, 0 00 0000 00000 000
		000000 00000	0(0)	0
0000 000000000 000 0000000,	0000, 00000,
000000 00000	0(0)	0
0000 000000000 000 0000000,	0000, 00000,
00000000000 000 000000
000000000000 0 00000000 000000000 000 00 0000000000. 000000000, 000 0000 000000 000 000 00000000 0000 000000 000 0000 000000000, 000 00 00000000 000000000 000 000 0000000. 0 0000 00000000, 000000 000 000 0000, 00000000 000 0000000000 000 000 00000 000000 000 0000 00000000000 0000000000 000000000 00 000000000 00000000000 000000000 000 000000 00000000 000 00000000 00000000000 00000000 000 00000000.
00000000000, 0 000000 00000000000 000 000000000000.
000000000000
00000000000000000000000000000000000000000000000< 0000000000000000000000000000000000000000.0000000 000, 0.0.0.
° φφφφφφφ φφ φφφ φφ φφφφ φφφφφφφ, φ0000 000 00000 0000000000 000000000, 000000000 0 0000000 000 0 0000000000 000 0000000 0000000000 000 00000000000 000 00 0000000000 0000000000 0000 0000 0 000000000 0000000000 000 000 00000000 000000000.
[2]
φφφφφφφ φφ φφφ φφ φφφφ φφφφφφφ, φφφ φφφφ φφφφφφφ φφφ φφφφφφφφφφφφφ φφφφφφ, 0(0) 00 0000 '0000000000 0000000', '00000000000', '0000000 0000000000', '0000000 0000000 000 0000000’, '000000000 000000000000 000 '0000000 000000 00000' 00000 000 000000 000 0000000000 00 000000 0000000 00 00 000001800 000 0000 000000000 000 00000000000000 000000. φφφ φφφ φφφφφ 18φφ φφφ φφφφφφφφφ 105, φφφ φφφφφ φφφφφφφφφφ φφ φφφφφφφφφφφφ φφφφφ 6φ(1)(φ) φφφ φφφφφ, φφφφφφφφ φφ 0000000000000, 0 000000000 000 0000000000 0000000000 000 000000000000 00000000000000 00000 000 000000000000 000 000000000V 00000000 000 0000000000000000000 0000000
φφφφφφ φφφφφ, φφφφ φφ φφφφφφφφφφ φφφφφφφφφφ φφφ φφφφ φφφ φφφφφφφφφ φφφφφφφφφφ φφφφ φφφφφφφφφφ φφφ φφφφ φφφφφφφφφ φφφ φ φφ φφφφ φφφφφφφφφ φ φφ φφφφ φφφφφ φφφφ, φφφφ φφφφφ φ φφ φφφφ φφφφφφφ φφφφφφ φφφφφ φφφφφφφφφφ φφφφφφφφφφ φφ φφφφφφφφφφ φφφ φφφφ φφφφφ φφφφφφφ φφφφφφ.
[3]
φφφφφφφ φφ φφφ φφ φφφφ φφφφφφφ, φφφφφφ φφφφφ φφφφφφφφφ φφφφφφ φφφφφφ φφφφφφφ φφ φφφφφφφ φφφφφφ φφφφφφφφφ φφφφφφφ φφφ φφφφφφφ φφφ φφ φφφφ φφφφφφφφφφφφ φφφφφφφφφ φφφ φφφφφφφφφφ.
